{
 "cells": [
  {
   "cell_type": "code",
   "execution_count": 1,
   "metadata": {},
   "outputs": [],
   "source": [
    "import numpy as np"
   ]
  },
  {
   "cell_type": "code",
   "execution_count": 2,
   "metadata": {},
   "outputs": [
    {
     "data": {
      "text/plain": [
       "array([[1, 2, 3],\n",
       "       [4, 5, 6]])"
      ]
     },
     "execution_count": 2,
     "metadata": {},
     "output_type": "execute_result"
    }
   ],
   "source": [
    "a = np.array([[1,2,3],[4,5,6]])\n",
    "a"
   ]
  },
  {
   "cell_type": "code",
   "execution_count": 8,
   "metadata": {},
   "outputs": [
    {
     "data": {
      "text/plain": [
       "array([1, 4])"
      ]
     },
     "execution_count": 8,
     "metadata": {},
     "output_type": "execute_result"
    }
   ],
   "source": [
    "a[:, 0]"
   ]
  },
  {
   "cell_type": "code",
   "execution_count": 9,
   "metadata": {},
   "outputs": [
    {
     "data": {
      "text/plain": [
       "[1, 9, 25, 49, 81]"
      ]
     },
     "execution_count": 9,
     "metadata": {},
     "output_type": "execute_result"
    }
   ],
   "source": [
    "b = np.array([i*i for i in range(10) if i%2==1])\n",
    "c = b.tolist() # конвертирует массив обратно в список\n",
    "c"
   ]
  },
  {
   "cell_type": "code",
   "execution_count": 10,
   "metadata": {},
   "outputs": [
    {
     "name": "stdout",
     "output_type": "stream",
     "text": [
      "[0. 0. 0. 0. 0. 0. 0. 0. 0. 0. 0. 0. 0. 0. 0. 0. 0. 0. 0. 0. 0. 0. 0. 0.\n",
      " 0. 0. 0. 0. 0. 0. 0. 0. 0. 0. 0. 0. 0. 0. 0. 0. 0. 0. 0. 0. 0. 0. 0. 0.\n",
      " 0. 0. 0. 0. 0. 0. 0. 0. 0. 0. 0. 0. 0. 0. 0. 0. 0. 0. 0. 0. 0. 0. 0. 0.\n",
      " 0. 0. 0. 0. 0. 0. 0. 0. 0. 0. 0. 0. 0. 0. 0. 0. 0. 0. 0. 0. 0. 0. 0. 0.\n",
      " 0. 0. 0. 0.]\n",
      "[[0 0 0 0 0 0 0 0]\n",
      " [0 0 0 0 0 0 0 0]]\n"
     ]
    }
   ],
   "source": [
    "a = np.zeros(100) # 100 элементный массив нулей, тип float\n",
    "print(a)\n",
    "b = np.zeros((2,8), int) # массив нулей размера 2×8 типа int\n",
    "print(b)"
   ]
  },
  {
   "cell_type": "code",
   "execution_count": 12,
   "metadata": {},
   "outputs": [
    {
     "data": {
      "text/plain": [
       "array([[3.14159265, 3.14159265, 3.14159265, 3.14159265, 3.14159265],\n",
       "       [3.14159265, 3.14159265, 3.14159265, 3.14159265, 3.14159265],\n",
       "       [3.14159265, 3.14159265, 3.14159265, 3.14159265, 3.14159265],\n",
       "       [3.14159265, 3.14159265, 3.14159265, 3.14159265, 3.14159265],\n",
       "       [3.14159265, 3.14159265, 3.14159265, 3.14159265, 3.14159265]])"
      ]
     },
     "execution_count": 12,
     "metadata": {},
     "output_type": "execute_result"
    }
   ],
   "source": [
    "a = np.ones(10, int) # 10 элементный массив единиц типа int\n",
    "b = np.pi * np.ones((5,5)) # хороший способ заполнить массив заданным значением\n",
    "b"
   ]
  },
  {
   "cell_type": "code",
   "execution_count": 14,
   "metadata": {},
   "outputs": [
    {
     "data": {
      "text/plain": [
       "(5, 5)"
      ]
     },
     "execution_count": 14,
     "metadata": {},
     "output_type": "execute_result"
    }
   ],
   "source": [
    "b.shape"
   ]
  },
  {
   "cell_type": "code",
   "execution_count": 18,
   "metadata": {},
   "outputs": [
    {
     "data": {
      "text/plain": [
       "array([[0.85786027, 0.20396877, 0.82589536, 0.38194772, 0.42405208],\n",
       "       [0.06640632, 0.3155153 , 0.34256731, 0.0124122 , 0.32154875],\n",
       "       [0.70760059, 0.82516686, 0.27790129, 0.62473166, 0.20876962],\n",
       "       [0.74618756, 0.7475935 , 0.34609939, 0.31088181, 0.07955234],\n",
       "       [0.28778435, 0.22333718, 0.51538392, 0.56904232, 0.6182872 ]])"
      ]
     },
     "execution_count": 18,
     "metadata": {},
     "output_type": "execute_result"
    }
   ],
   "source": [
    "a = np.random.rand(5,5)\n",
    "a"
   ]
  },
  {
   "cell_type": "code",
   "execution_count": 19,
   "metadata": {},
   "outputs": [
    {
     "data": {
      "text/plain": [
       "array([[0.85786027, 0.06640632, 0.70760059, 0.74618756, 0.28778435],\n",
       "       [0.20396877, 0.3155153 , 0.82516686, 0.7475935 , 0.22333718],\n",
       "       [0.82589536, 0.34256731, 0.27790129, 0.34609939, 0.51538392],\n",
       "       [0.38194772, 0.0124122 , 0.62473166, 0.31088181, 0.56904232],\n",
       "       [0.42405208, 0.32154875, 0.20876962, 0.07955234, 0.6182872 ]])"
      ]
     },
     "execution_count": 19,
     "metadata": {},
     "output_type": "execute_result"
    }
   ],
   "source": [
    "b = np.transpose(a) #можно транспонировать\n",
    "b"
   ]
  },
  {
   "cell_type": "code",
   "execution_count": 20,
   "metadata": {},
   "outputs": [
    {
     "data": {
      "text/plain": [
       "array([[1.78533487, 0.54534159, 1.33199211, 1.2309272 , 1.19761615],\n",
       "       [0.54534159, 0.32485973, 0.47742572, 0.43342977, 0.47200322],\n",
       "       [1.33199211, 0.47742572, 1.69270247, 1.45189943, 1.01573101],\n",
       "       [1.2309272 , 0.43342977, 1.45189943, 1.33845277, 0.78617168],\n",
       "       [1.19761615, 0.47200322, 1.01573101, 0.78617168, 1.10440814]])"
      ]
     },
     "execution_count": 20,
     "metadata": {},
     "output_type": "execute_result"
    }
   ],
   "source": [
    "np.matmul(a,b) #можно сделать матричное произведение"
   ]
  },
  {
   "cell_type": "code",
   "execution_count": 21,
   "metadata": {},
   "outputs": [
    {
     "name": "stdout",
     "output_type": "stream",
     "text": [
      "[[0.85786027 0.20396877 0.82589536 0.38194772 0.42405208]\n",
      " [0.06640632 0.3155153  0.34256731 0.0124122  0.32154875]\n",
      " [0.70760059 0.82516686 0.27790129 0.62473166 0.20876962]\n",
      " [0.74618756 0.7475935  0.34609939 0.31088181 0.07955234]\n",
      " [0.28778435 0.22333718 0.51538392 0.56904232 0.6182872 ]]\n",
      "[[1. 0. 0. 0. 0.]\n",
      " [0. 1. 0. 0. 0.]\n",
      " [0. 0. 1. 0. 0.]\n",
      " [0. 0. 0. 1. 0.]\n",
      " [0. 0. 0. 0. 1.]]\n"
     ]
    }
   ],
   "source": [
    "# проверим, что матричное?\n",
    "print(a)\n",
    "print(np.eye(5))"
   ]
  },
  {
   "cell_type": "code",
   "execution_count": 22,
   "metadata": {},
   "outputs": [
    {
     "data": {
      "text/plain": [
       "array([[0.85786027, 0.20396877, 0.82589536, 0.38194772, 0.42405208],\n",
       "       [0.06640632, 0.3155153 , 0.34256731, 0.0124122 , 0.32154875],\n",
       "       [0.70760059, 0.82516686, 0.27790129, 0.62473166, 0.20876962],\n",
       "       [0.74618756, 0.7475935 , 0.34609939, 0.31088181, 0.07955234],\n",
       "       [0.28778435, 0.22333718, 0.51538392, 0.56904232, 0.6182872 ]])"
      ]
     },
     "execution_count": 22,
     "metadata": {},
     "output_type": "execute_result"
    }
   ],
   "source": [
    "np.matmul(a,np.eye(5)) #точно матричное, не верите?"
   ]
  },
  {
   "cell_type": "code",
   "execution_count": 37,
   "metadata": {},
   "outputs": [
    {
     "name": "stdout",
     "output_type": "stream",
     "text": [
      "[1. 1. 1. 1. 1.]\n",
      "(5,)\n"
     ]
    }
   ],
   "source": [
    "# не путайте вектор, который транспонируется в такой же вектор!\n",
    "a = np.ones(5)\n",
    "print(a)\n",
    "print(a.shape)"
   ]
  },
  {
   "cell_type": "code",
   "execution_count": 40,
   "metadata": {},
   "outputs": [
    {
     "name": "stdout",
     "output_type": "stream",
     "text": [
      "[[1.]\n",
      " [1.]\n",
      " [1.]\n",
      " [1.]\n",
      " [1.]]\n",
      "(5, 1)\n"
     ]
    }
   ],
   "source": [
    "# и матрицу! Которая транспонируется как матрица!\n",
    "a = np.ones((5,1))\n",
    "print(a)\n",
    "print(a.shape)"
   ]
  },
  {
   "cell_type": "code",
   "execution_count": 43,
   "metadata": {},
   "outputs": [
    {
     "name": "stdout",
     "output_type": "stream",
     "text": [
      "[[1.]\n",
      " [1.]\n",
      " [1.]\n",
      " [1.]\n",
      " [1.]]\n",
      "(5, 1)\n"
     ]
    }
   ],
   "source": [
    "# одно можно превратить в другое\n",
    "a = np.ones(5)\n",
    "a_vect = a[:, np.newaxis]\n",
    "print(a_vect)\n",
    "print(a_vect.shape)"
   ]
  },
  {
   "cell_type": "code",
   "execution_count": 45,
   "metadata": {},
   "outputs": [
    {
     "data": {
      "text/plain": [
       "array([ 3,  4,  5,  6,  7,  8,  9, 10])"
      ]
     },
     "execution_count": 45,
     "metadata": {},
     "output_type": "execute_result"
    }
   ],
   "source": [
    "# numpy позволяет быстро фильтровать элементы массива\n",
    "a = np.array([[1 , 2, 3, 4], [5, 6, 7, 8], [9, 10, 11, 12]])\n",
    "c = a[(a > 2) & (a < 11)]\n",
    "c"
   ]
  },
  {
   "cell_type": "markdown",
   "metadata": {},
   "source": [
    "# векторизация"
   ]
  },
  {
   "cell_type": "code",
   "execution_count": 24,
   "metadata": {},
   "outputs": [],
   "source": [
    "def power(x,a):\n",
    "    return x**a\n",
    "\n",
    "vect_power = np.vectorize(power)"
   ]
  },
  {
   "cell_type": "code",
   "execution_count": 25,
   "metadata": {},
   "outputs": [
    {
     "data": {
      "text/plain": [
       "array([0, 1, 2, 3, 4, 5, 6, 7, 8, 9])"
      ]
     },
     "execution_count": 25,
     "metadata": {},
     "output_type": "execute_result"
    }
   ],
   "source": [
    "x = np.arange(10)\n",
    "x"
   ]
  },
  {
   "cell_type": "code",
   "execution_count": 27,
   "metadata": {},
   "outputs": [
    {
     "data": {
      "text/plain": [
       "array([    0,     1,    32,   243,  1024,  3125,  7776, 16807, 32768,\n",
       "       59049])"
      ]
     },
     "execution_count": 27,
     "metadata": {},
     "output_type": "execute_result"
    }
   ],
   "source": [
    "vect_power(x,5)"
   ]
  },
  {
   "cell_type": "markdown",
   "metadata": {},
   "source": [
    "# broadcasting"
   ]
  },
  {
   "cell_type": "code",
   "execution_count": 58,
   "metadata": {},
   "outputs": [
    {
     "name": "stdout",
     "output_type": "stream",
     "text": [
      "[[1. 1. 1. 1. 1.]\n",
      " [1. 1. 1. 1. 1.]\n",
      " [1. 1. 1. 1. 1.]\n",
      " [1. 1. 1. 1. 1.]\n",
      " [1. 1. 1. 1. 1.]]\n",
      "[1. 1. 1. 1. 1.]\n"
     ]
    }
   ],
   "source": [
    "a = np.ones((5,5))\n",
    "print(a)\n",
    "b = np.ones(5)\n",
    "print(b)"
   ]
  },
  {
   "cell_type": "code",
   "execution_count": 57,
   "metadata": {},
   "outputs": [
    {
     "data": {
      "text/plain": [
       "array([[2., 2., 2., 2., 2.],\n",
       "       [2., 2., 2., 2., 2.],\n",
       "       [2., 2., 2., 2., 2.],\n",
       "       [2., 2., 2., 2., 2.],\n",
       "       [2., 2., 2., 2., 2.]])"
      ]
     },
     "execution_count": 57,
     "metadata": {},
     "output_type": "execute_result"
    }
   ],
   "source": [
    "a+b"
   ]
  }
 ],
 "metadata": {
  "kernelspec": {
   "display_name": "Python 3",
   "language": "python",
   "name": "python3"
  },
  "language_info": {
   "codemirror_mode": {
    "name": "ipython",
    "version": 3
   },
   "file_extension": ".py",
   "mimetype": "text/x-python",
   "name": "python",
   "nbconvert_exporter": "python",
   "pygments_lexer": "ipython3",
   "version": "3.8.3"
  },
  "varInspector": {
   "cols": {
    "lenName": 16,
    "lenType": 16,
    "lenVar": 40
   },
   "kernels_config": {
    "python": {
     "delete_cmd_postfix": "",
     "delete_cmd_prefix": "del ",
     "library": "var_list.py",
     "varRefreshCmd": "print(var_dic_list())"
    },
    "r": {
     "delete_cmd_postfix": ") ",
     "delete_cmd_prefix": "rm(",
     "library": "var_list.r",
     "varRefreshCmd": "cat(var_dic_list()) "
    }
   },
   "types_to_exclude": [
    "module",
    "function",
    "builtin_function_or_method",
    "instance",
    "_Feature"
   ],
   "window_display": false
  }
 },
 "nbformat": 4,
 "nbformat_minor": 2
}
